19
26
26
26
18
18
18
18
18
18
18
26
26
26
22
21
0
0
0
17
16
16
16
16
16
20
0
0
0
21
21
0
19
18
16
16
16
16
16
16
16
18
22
0
21
21
0
17
16
16
16
16
24
16
16
16
16
20
0
21
17
18
16
16
16
16
20
0
17
16
16
16
16
18
20
17
16
16
16
16
16
20
0
17
16
16
16
16
16
20
17
16
16
16
24
24
28
0
25
24
24
16
16
16
20
17
16
16
20
0
0
0
0
0
0
0
17
16
16
20
17
16
16
16
18
18
22
0
19
18
18
16
16
16
20
17
16
16
16
16
16
20
0
17
16
16
16
16
16
20
17
24
16
16
16
16
20
0
17
16
16
16
16
24
20
21
0
17
16
16
16
16
18
16
16
16
16
20
0
21
21
0
25
24
16
16
16
16
16
16
16
24
28
0
21
21
0
0
0
17
16
16
16
16
16
20
0
0
0
21
25
26
26
26
24
24
24
24
24
24
24
26
26
26
28
0
14
196
224