1
19
18
18
18
18
18
18
18
18
18
18
18
22
4
1
17
16
16
16
16
16
16
16
16
16
16
16
20
4
1
17
16
16
16
16
16
16
16
16
16
16
16
20
4
1
17
16
16
16
16
24
24
24
24
16
16
16
20
4
1
17
16
16
16
20
0
0
0
0
17
16
16
20
4
1
17
16
16
16
20
0
0
0
0
17
16
16
20
4
1
17
16
16
16
20
0
0
0
0
17
16
16
20
4
26
16
16
16
16
20
0
0
0
0
17
16
16
16
26
1
17
16
16
16
20
0
0
0
0
17
16
16
20
4
1
17
16
16
16
20
0
0
0
0
17
16
16
20
4
1
17
16
16
16
20
0
0
0
0
17
16
16
20
4
1
17
16
16
16
16
18
18
18
18
16
16
16
20
4
1
17
16
16
16
16
16
16
16
16
16
16
16
20
4
1
17
16
16
16
16
16
16
16
16
16
16
16
20
4
9
25
24
24
24
24
24
24
24
24
24
24
24
28
13
1
13
211
223