1
19
18
22
2
2
2
2
2
2
2
19
18
22
4
1
17
16
16
18
18
18
26
26
18
18
16
16
20
4
1
17
16
16
16
16
20
0
0
17
16
16
16
20
4
26
16
16
16
16
16
20
0
0
17
16
16
16
16
26
1
17
16
16
16
16
20
0
0
17
16
16
16
20
4
1
25
24
16
16
16
20
0
0
17
16
16
24
28
4
1
0
0
17
16
16
20
0
0
17
16
20
0
0
4
1
0
0
17
16
16
20
0
0
17
16
20
0
0
4
1
0
0
17
16
16
20
0
0
17
16
20
0
0
4
1
19
18
16
16
16
20
0
0
17
16
16
18
22
4
1
17
16
16
16
16
20
0
0
17
16
16
16
20
4
26
16
16
16
16
16
16
26
26
16
16
16
16
16
26
1
17
16
16
16
16
20
0
0
17
16
16
16
20
4
1
17
16
16
24
24
24
26
26
24
24
16
16
20
4
9
25
24
28
8
8
8
8
8
8
8
25
24
28
12
1
13
211
223
